Selection	View	Channel	Begin Time (s)	End Time (s)	Low Freq (Hz)	High Freq (Hz)	BW 90% (Hz)	Dur 90% (s)	Freq 5% (Hz)	Freq 95% (Hz)	Call type
7	Spectrogram 1	1	139.151131352	139.441634934	480.4	684.4	86.133	0.0816	559.863	645.996	male.coda
6	Spectrogram 1	1	138.659509905	138.994706346	530.3	702.5	86.133	0.0816	592.163	678.296	male.coda
20	Spectrogram 1	1	314.616034986	314.906538568	580.2	711.6	53.833	0.1361	624.463	678.296	male.coda
5	Spectrogram 1	1	138.145542029	138.547777758	503.1	720.7	53.833	0.0816	624.463	678.296	male.coda
19	Spectrogram 1	1	314.347877833	314.616034986	602.8	747.9	53.833	0.0816	645.996	699.829	male.coda
15	Spectrogram 1	1	255.248774085	255.516931237	589.2	761.5	43.066	0.0816	656.763	699.829	male.coda
25	Spectrogram 1	1	370.178089229	370.602671387	648.1	806.8	53.833	0.1361	710.596	764.429	male.coda
30	Spectrogram 1	1	435.636405139	436.016294438	616.4	824.9	139.966	0.1633	656.763	796.729	male.coda
14	Spectrogram 1	1	254.913577644	255.271120514	657.2	829.4	53.833	0.0816	710.596	764.429	male.coda
44	Spectrogram 1	1	662.503820442	662.839016883	648.1	865.7	107.666	0.1361	710.596	818.262	male.coda
18	Spectrogram 1	1	314.057374251	314.280838545	716.1	865.7	43.066	0.1361	764.429	807.495	male.coda
24	Spectrogram 1	1	369.664121353	370.088703511	616.4	879.3	96.899	0.0816	721.362	818.262	male.coda
42	Spectrogram 1	1	661.609963266	661.989852566	688.9	902.0	96.899	0.2449	753.662	850.562	male.coda
59	Spectrogram 1	1	906.718182293	907.187457310	657.2	911.0	118.433	0.1088	721.362	839.795	male.coda
29	Spectrogram 1	1	435.390594415	435.681097997	725.2	924.6	96.899	0.1361	775.195	872.095	male.coda
23	Spectrogram 1	1	369.127807047	369.507696347	679.9	929.2	86.133	0.1088	742.896	829.028	male.coda
52	Spectrogram 1	1	808.771956137	809.174191866	725.2	938.2	96.899	0.1088	764.429	861.328	male.coda
53	Spectrogram 1	1	809.218884724	809.621120453	670.8	942.8	107.666	0.1088	753.662	861.328	male.coda
35	Spectrogram 1	1	500.344265829	500.724155128	693.5	942.8	107.666	0.1905	742.896	850.562	male.coda
4	Spectrogram 1	1	137.586881294	138.078502741	734.3	951.8	75.366	0.1361	785.962	861.328	male.coda
34	Spectrogram 1	1	499.897337241	500.210187252	698.0	956.4	129.199	0.1905	753.662	882.861	male.coda
38	Spectrogram 1	1	580.831813291	581.167009732	756.9	956.4	96.899	0.1633	807.495	904.395	male.coda
63	Spectrogram 1	1	993.223036087	993.446500381	725.2	960.9	107.666	0.0816	775.195	882.861	male.coda
28	Spectrogram 1	1	434.943665827	435.323555127	734.3	969.9	86.133	0.1905	818.262	904.395	male.coda
33	Spectrogram 1	1	499.606833659	499.807951523	752.4	974.5	129.199	0.1088	796.729	925.928	male.coda
43	Spectrogram 1	1	662.101584713	662.392088295	752.4	974.5	129.199	0.1088	785.962	915.161	male.coda
69	Spectrogram 1	1	1070.234258643	1070.524762225	761.5	1001.7	107.666	0.0544	829.028	936.694	male.coda
51	Spectrogram 1	1	808.414413266	808.749609707	738.8	1001.7	96.899	0.1633	818.262	915.161	male.coda
65	Spectrogram 1	1	994.295664698	994.653207568	716.1	1024.3	150.732	0.0816	764.429	915.161	male.coda
41	Spectrogram 1	1	661.252420396	661.498231120	766.0	1037.9	129.199	0.1361	829.028	958.228	male.coda
13	Spectrogram 1	1	254.176145474	254.757152638	734.3	1037.9	118.433	0.1633	796.729	915.161	male.coda
70	Spectrogram 1	1	1070.614147943	1071.016383672	693.5	1042.5	139.966	0.1088	785.962	925.928	male.coda
64	Spectrogram 1	1	993.692311105	994.027507545	770.5	1056.1	129.199	0.0816	818.262	947.461	male.coda
48	Spectrogram 1	1	735.802230747	736.159773618	779.6	1083.3	139.966	0.1361	839.795	979.761	male.coda
47	Spectrogram 1	1	735.377648589	735.802230747	793.2	1092.3	161.499	0.2177	850.562	1012.061	male.coda
62	Spectrogram 1	1	992.820800358	993.155996799	779.6	1096.9	183.032	0.1088	829.028	1012.061	male.coda
57	Spectrogram 1	1	906.092482270	906.405332281	756.9	1101.4	172.266	0.1088	818.262	990.527	male.coda
56	Spectrogram 1	1	905.757285829	906.025442982	770.5	1110.5	107.666	0.1088	839.795	947.461	male.coda
68	Spectrogram 1	1	1069.854369343	1070.211912213	802.2	1133.1	183.032	0.1088	850.562	1033.594	male.coda
58	Spectrogram 1	1	906.427678711	906.785221581	756.9	1137.7	161.499	0.1088	818.262	979.761	male.coda
17	Spectrogram 1	1	313.588099234	314.012681392	766.0	1137.7	226.099	0.1633	829.028	1055.127	male.coda
22	Spectrogram 1	1	368.435067736	369.060767759	752.4	1164.8	183.032	0.1633	829.028	1012.061	male.coda
27	Spectrogram 1	1	434.452044381	434.831933681	734.3	1196.6	204.565	0.1905	807.495	1012.061	male.coda
32	Spectrogram 1	1	498.958787206	499.383369365	743.3	1205.6	247.632	0.1633	818.262	1065.894	male.coda
46	Spectrogram 1	1	734.930720001	735.243570013	788.7	1205.6	183.032	0.1633	829.028	1012.061	male.coda
11	Spectrogram 1	1	197.538355400	197.806512552	625.5	1219.2	398.364	0.1905	645.996	1044.360	male.coda
50	Spectrogram 1	1	807.967484678	808.392066837	752.4	1228.3	290.698	0.1633	829.028	1119.727	male.coda
37	Spectrogram 1	1	580.362538273	580.787120432	788.7	1251.0	290.698	0.1633	839.795	1130.493	male.coda
10	Spectrogram 1	1	196.979694665	197.493662541	593.8	1273.6	430.664	0.3537	613.696	1044.360	male.coda
9	Spectrogram 1	1	196.532766077	197.046733953	625.5	1287.2	322.998	0.3265	656.763	979.761	male.coda
55	Spectrogram 1	1	905.198625094	905.779632258	702.5	1318.9	236.865	0.1633	807.495	1044.360	male.coda
61	Spectrogram 1	1	992.329178912	992.776107499	756.9	1337.1	290.698	0.1633	818.262	1108.960	male.coda
67	Spectrogram 1	1	1069.295708608	1069.697944337	747.9	1337.1	172.266	0.0816	882.861	1055.127	male.coda
40	Spectrogram 1	1	660.693759661	661.185381108	738.8	1341.6	387.598	0.2177	807.495	1195.093	male.coda
45	Spectrogram 1	1	718.257176053	733.408055180	471.4	1373.3	559.863	10.8571	635.229	1195.093	great.call
60	Spectrogram 1	1	976.332539370	991.259954204	426.1	1396.0	495.264	10.6939	635.229	1130.493	great.call
39	Spectrogram 1	1	644.514944782	658.995431028	462.3	1418.7	538.330	10.6395	645.996	1184.326	great.call
66	Spectrogram 1	1	1053.771451706	1067.335734347	453.2	1423.2	516.797	8.7891	656.763	1173.560	great.call
26	Spectrogram 1	1	417.535797332	432.552597883	439.6	1423.2	602.930	10.9388	613.696	1216.626	great.call
1	Spectrogram 1	1	62.452759445	78.117606448	453.2	1423.2	570.630	10.8027	602.930	1173.560	great.call
8	Spectrogram 1	1	175.990182222	190.872904197	448.7	1427.7	441.431	10.7211	613.696	1055.127	great.call
54	Spectrogram 1	1	888.416456621	903.723760754	489.5	1432.3	559.863	11.0204	656.763	1216.626	great.call
49	Spectrogram 1	1	791.922748375	805.822227457	444.2	1432.3	570.630	9.6599	635.229	1205.859	great.call
31	Spectrogram 1	1	482.310894659	496.791380905	439.6	1432.3	613.696	10.8571	624.463	1238.159	great.call
16	Spectrogram 1	1	293.866018578	310.245951322	426.1	1432.3	602.930	12.2177	602.930	1205.859	great.call
3	Spectrogram 1	1	119.745008842	134.694770105	457.8	1436.8	559.863	10.7211	613.696	1173.560	great.call
36	Spectrogram 1	1	563.411316444	577.780070543	475.9	1450.4	570.630	9.8776	613.696	1184.326	great.call
21	Spectrogram 1	1	350.816659065	364.738484576	453.2	1450.4	613.696	10.6667	613.696	1227.393	great.call
12	Spectrogram 1	1	236.139568152	250.999943698	457.8	1450.4	549.097	11.3741	602.930	1152.026	great.call
