Selection	View	Channel	Begin Time (s)	End Time (s)	Low Freq (Hz)	High Freq (Hz)	BW 90% (Hz)	Dur 90% (s)	Freq 5% (Hz)	Freq 95% (Hz)	Call.type
1	Spectrogram 1	1	21.140307024	32.661044861	552.582	1424.728	452.197	8.4626	656.763	1108.960	great.call
2	Spectrogram 1	1	34.787922489	35.198767961	632.473	1291.576	462.964	0.1633	710.596	1173.560	male.coda
3	Spectrogram 1	1	35.337521212	35.583338735	732.337	1331.522	419.897	0.1088	796.729	1216.626	male.coda
4	Spectrogram 1	1	35.739768068	36.074973782	672.418	1138.451	258.398	0.1361	742.896	1001.294	male.coda
5	Spectrogram 1	1	68.586765128	80.073147592	512.636	1391.440	452.197	8.6259	689.062	1141.260	great.call
6	Spectrogram 1	1	81.107506593	81.330977069	625.815	1231.658	333.765	0.0544	785.962	1119.727	male.coda
7	Spectrogram 1	1	81.465059355	81.733223926	692.391	1225.000	290.698	0.1088	807.495	1098.193	male.coda
8	Spectrogram 1	1	81.912000306	82.247206020	665.761	1178.397	301.465	0.0816	785.962	1087.427	male.coda
9	Spectrogram 1	1	82.604758782	82.850576305	659.103	1078.533	236.865	0.0816	732.129	968.994	male.coda
10	Spectrogram 1	1	111.944598827	123.833228147	512.636	1404.755	473.730	8.4626	656.763	1130.493	great.call
11	Spectrogram 1	1	124.913610408	125.159427932	599.185	1205.027	387.598	0.1361	699.829	1087.427	male.coda
12	Spectrogram 1	1	125.293510218	125.606368884	672.418	1251.630	322.998	0.1633	785.962	1108.960	male.coda
13	Spectrogram 1	1	125.628715931	126.098003931	692.391	945.380	139.966	0.1905	764.429	904.395	male.coda
14	Spectrogram 1	1	126.254433264	126.567291930	665.761	1031.929	204.565	0.1905	732.129	936.694	male.coda
15	Spectrogram 1	1	167.899520642	179.430597200	499.321	1284.918	398.364	8.3265	667.529	1065.894	great.call
16	Spectrogram 1	1	180.733120773	181.068326487	632.473	1138.451	344.531	0.1633	699.829	1044.360	male.coda
17	Spectrogram 1	1	181.113020582	181.425879248	692.391	1171.739	312.231	0.1633	775.195	1087.427	male.coda
18	Spectrogram 1	1	181.537614486	182.073943628	612.500	925.408	107.666	0.2721	732.129	839.795	male.coda
19	Spectrogram 1	1	182.319761152	182.565578675	585.870	1131.793	333.765	0.1633	689.062	1022.827	male.coda
20	Spectrogram 1	1	213.652476379	224.334365129	499.321	1398.098	409.131	7.3469	656.763	1065.894	great.call
21	Spectrogram 1	1	225.544841730	225.947088587	585.870	1278.261	506.030	0.1905	699.829	1205.859	male.coda
22	Spectrogram 1	1	225.991782682	226.349335443	679.076	1051.902	215.332	0.1633	785.962	1001.294	male.coda
23	Spectrogram 1	1	226.461070681	226.885664586	632.473	978.668	129.199	0.1905	764.429	893.628	male.coda
24	Spectrogram 1	1	265.875441245	277.786417613	552.582	1458.016	419.897	9.6054	667.529	1087.427	great.call
25	Spectrogram 1	1	278.538240888	278.940487744	639.130	1264.946	452.197	0.1633	732.129	1184.326	male.coda
26	Spectrogram 1	1	279.029875935	279.275693458	725.679	1218.342	344.531	0.1633	775.195	1119.727	male.coda
27	Spectrogram 1	1	279.432122792	279.744981458	645.788	1085.190	236.865	0.1905	753.662	990.527	male.coda
28	Spectrogram 1	1	330.195882837	341.637571205	492.663	1384.783	419.897	7.3741	667.529	1087.427	great.call
29	Spectrogram 1	1	342.428817764	342.729050993	592.527	1284.918	441.431	0.1905	732.129	1173.560	male.coda
30	Spectrogram 1	1	342.823861486	343.092491218	692.391	1165.082	269.165	0.1633	785.962	1055.127	male.coda
31	Spectrogram 1	1	343.266310455	343.661354178	639.130	1058.560	183.032	0.2177	764.429	947.461	male.coda
32	Spectrogram 1	1	343.929983909	344.261820636	639.130	1125.136	269.165	0.1361	732.129	1001.294	male.coda
33	Spectrogram 1	1	386.193436687	397.728713379	512.636	1497.962	495.264	8.1905	667.529	1162.793	great.call
34	Spectrogram 1	1	399.351983605	399.541604592	632.473	1231.658	355.298	0.1088	764.429	1119.727	male.coda
35	Spectrogram 1	1	399.668018583	399.999855310	725.679	1198.370	247.632	0.1633	839.795	1087.427	male.coda
36	Spectrogram 1	1	400.047260556	400.489709525	652.446	905.435	118.433	0.2993	742.896	861.328	male.coda
37	Spectrogram 1	1	400.774141005	401.042770737	645.788	1151.766	333.765	0.1633	710.596	1044.360	male.coda
38	Spectrogram 1	1	439.878681067	451.729992737	531.963	1365.216	419.897	9.1973	656.763	1076.660	great.call
39	Spectrogram 1	1	452.594300236	452.847128218	630.824	1275.771	473.730	0.1361	710.596	1184.326	male.coda
40	Spectrogram 1	1	452.970126471	453.227117519	706.146	1200.448	279.932	0.1633	796.729	1076.660	male.coda
41	Spectrogram 1	1	453.338852757	453.618190852	626.116	969.774	161.499	0.1905	764.429	925.928	male.coda
42	Spectrogram 1	1	453.718752566	454.199214089	621.409	847.375	96.899	0.2721	721.362	818.262	male.coda
43	Spectrogram 1	1	505.693443577	517.718574485	531.963	1233.402	441.431	9.2789	656.763	1098.193	great.call
44	Spectrogram 1	1	581.269377425	593.926578289	522.548	1393.462	376.831	9.3061	656.763	1033.594	great.call
45	Spectrogram 1	1	595.012589052	595.360227528	640.239	1336.970	495.264	0.2177	699.829	1195.093	male.coda
46	Spectrogram 1	1	595.427879755	595.595482612	720.269	1242.817	344.531	0.1088	818.262	1162.793	male.coda
47	Spectrogram 1	1	595.785432517	596.087117659	668.485	1153.372	247.632	0.2177	796.729	1044.360	male.coda
48	Spectrogram 1	1	596.165332326	596.433496897	659.070	1068.634	236.865	0.1633	742.896	979.761	male.coda
49	Spectrogram 1	1	646.463792158	658.777015382	555.502	1322.847	409.131	9.4966	678.296	1087.427	great.call
50	Spectrogram 1	1	659.373590208	659.658021688	611.993	1205.156	387.598	0.1633	721.362	1108.960	male.coda
51	Spectrogram 1	1	659.800237428	660.053065410	729.684	1289.893	355.298	0.1633	829.028	1184.326	male.coda
52	Spectrogram 1	1	660.179479401	660.400703886	715.561	1247.525	333.765	0.1633	796.729	1130.493	male.coda
53	Spectrogram 1	1	660.606126621	660.843152855	673.193	1247.525	355.298	0.1361	775.195	1130.493	male.coda
54	Spectrogram 1	1	707.782487243	718.843711468	527.256	1360.508	387.598	7.6735	656.763	1044.360	great.call
55	Spectrogram 1	1	719.484420424	719.786105567	621.409	1271.063	462.964	0.1361	721.362	1184.326	male.coda
56	Spectrogram 1	1	719.886667281	720.132484804	687.315	1294.601	376.831	0.1361	796.729	1173.560	male.coda
57	Spectrogram 1	1	720.210699471	720.422996423	673.193	1205.156	269.165	0.1361	785.962	1055.127	male.coda
58	Spectrogram 1	1	720.579425756	721.048713756	663.777	885.036	107.666	0.1905	732.129	839.795	male.coda
59	Spectrogram 1	1	773.058052088	785.237193027	574.332	1285.186	430.664	8.9252	667.529	1098.193	great.call
60	Spectrogram 1	1	786.044092724	786.329148981	583.747	1238.109	430.664	0.1088	732.129	1162.793	male.coda
61	Spectrogram 1	1	786.487166470	786.819003197	696.731	1200.448	258.398	0.1088	850.562	1108.960	male.coda
62	Spectrogram 1	1	786.929615439	787.229848668	663.777	1242.817	312.231	0.0816	818.262	1130.493	male.coda
63	Spectrogram 1	1	787.624892391	787.925125620	663.777	1247.525	376.831	0.1361	775.195	1152.026	male.coda
64	Spectrogram 1	1	833.288982960	846.987723136	531.963	1304.016	387.598	9.7143	656.763	1044.360	great.call
65	Spectrogram 1	1	848.072805479	848.341435211	611.993	1261.648	430.664	0.1088	742.896	1173.560	male.coda
66	Spectrogram 1	1	848.457848520	848.625451377	677.900	1261.648	322.998	0.0816	796.729	1119.727	male.coda
67	Spectrogram 1	1	848.826574806	849.061218805	687.315	1134.541	236.865	0.1088	807.495	1044.360	male.coda
68	Spectrogram 1	1	849.318209853	849.597547948	630.824	1176.910	279.932	0.1088	764.429	1044.360	male.coda
