Selection	View	Channel	Begin Time (s)	End Time (s)	Low Freq (Hz)	High Freq (Hz)	BW 90% (Hz)	Dur 90% (s)	Freq 5% (Hz)	Freq 95% (Hz)	Call type
1	Spectrogram 1	1	30.845371084	43.017034517	482.112	1615.588	775.195	8.1908	602.930	1378.125	great.call
2	Spectrogram 1	1	59.111164483	71.331417391	482.112	1692.521	689.062	8.7713	602.930	1291.992	great.call
3	Spectrogram 1	1	84.841047933	96.283869245	487.241	1574.557	689.062	10.0194	602.930	1291.992	great.call
4	Spectrogram 1	1	98.501642509	98.841768832	641.106	974.482	258.398	0.1916	689.062	947.461	male.coda
5	Spectrogram 1	1	111.143303124	122.634713911	507.756	1538.655	689.062	9.8511	602.930	1291.992	great.call
6	Spectrogram 1	1	124.245118740	124.633834538	666.751	974.482	258.398	0.1800	689.062	947.461	male.coda
7	Spectrogram 1	1	124.803897700	125.265497711	671.879	1056.543	258.398	0.2844	775.195	1033.594	male.coda
8	Spectrogram 1	1	138.584520462	149.177025965	471.854	1564.299	689.062	8.2547	602.930	1291.992	great.call
9	Spectrogram 1	1	150.355906053	150.744621851	646.235	974.482	258.398	0.1916	689.062	947.461	male.coda
10	Spectrogram 1	1	151.036158700	151.497758710	666.751	959.095	258.398	0.2206	689.062	947.461	male.coda
11	Spectrogram 1	1	165.930003860	177.397119910	441.081	1538.655	689.062	9.1719	602.930	1291.992	great.call
12	Spectrogram 1	1	178.448745779	178.764577365	625.720	1015.512	258.398	0.1393	689.062	947.461	male.coda
13	Spectrogram 1	1	179.177587901	179.590598436	682.137	1143.734	344.531	0.1567	775.195	1119.727	male.coda
14	Spectrogram 1	1	193.416920162	205.151278322	492.370	1559.170	689.062	9.3751	602.930	1291.992	great.call
15	Spectrogram 1	1	205.698495238	206.038621561	635.977	907.806	172.266	0.1393	689.062	861.328	male.coda
16	Spectrogram 1	1	206.232979460	206.573105784	641.106	1020.641	258.398	0.1741	689.062	947.461	male.coda
17	Spectrogram 1	1	207.034705794	207.423421593	610.333	1015.512	258.398	0.2090	689.062	947.461	male.coda
18	Spectrogram 1	1	222.537364400	234.563259409	471.854	1559.170	689.062	9.5724	602.930	1291.992	great.call
19	Spectrogram 1	1	235.926380852	236.339391388	656.493	1138.605	258.398	0.2322	775.195	1033.594	male.coda
20	Spectrogram 1	1	236.703812449	237.068233510	646.235	1112.960	344.531	0.2902	689.062	1033.594	male.coda
21	Spectrogram 1	1	254.565951093	265.668646081	497.498	1548.913	689.062	7.6103	602.930	1291.992	great.call
22	Spectrogram 1	1	267.713465672	268.077886733	656.493	1041.157	258.398	0.1800	689.062	947.461	male.coda
23	Spectrogram 1	1	268.223655157	268.636665693	671.879	1061.672	258.398	0.2438	689.062	947.461	male.coda
24	Spectrogram 1	1	286.758820416	297.254146969	461.597	1569.428	689.062	7.2737	602.930	1291.992	great.call
25	Spectrogram 1	1	298.739351607	298.997036211	641.106	1205.280	344.531	0.1277	775.195	1119.727	male.coda
26	Spectrogram 1	1	299.254720814	299.563942338	677.008	1184.764	258.398	0.2148	775.195	1033.594	male.coda
27	Spectrogram 1	1	299.959058730	300.233922307	641.106	1102.703	258.398	0.1451	689.062	947.461	male.coda
28	Spectrogram 1	1	319.221893427	330.027467795	471.854	1487.367	689.062	8.4753	602.930	1291.992	great.call
29	Spectrogram 1	1	332.325806208	332.669385679	651.364	1143.734	258.398	0.1451	775.195	1033.594	male.coda
30	Spectrogram 1	1	333.030144124	333.390902569	646.235	1118.089	172.266	0.1451	775.195	947.461	male.coda
31	Spectrogram 1	1	353.769850527	365.245404864	471.854	1543.784	689.062	7.3723	602.930	1291.992	great.call
32	Spectrogram 1	1	367.047114568	367.373515065	635.977	1205.280	344.531	0.1451	775.195	1119.727	male.coda
33	Spectrogram 1	1	367.734273510	368.060674008	641.106	1102.703	344.531	0.1219	689.062	1033.594	male.coda
34	Spectrogram 1	1	386.378665160	395.620952933	502.627	1507.882	602.930	7.4304	602.930	1205.859	great.call
35	Spectrogram 1	1	396.699063228	396.922389885	656.493	989.868	258.398	0.1161	689.062	947.461	male.coda
36	Spectrogram 1	1	396.991105779	397.300327303	728.297	1118.089	258.398	0.1393	775.195	1033.594	male.coda
37	Spectrogram 1	1	397.746980615	398.124918034	646.235	989.868	258.398	0.2438	689.062	947.461	male.coda
38	Spectrogram 1	1	423.724711942	434.083632997	451.339	1533.526	689.062	8.0109	602.930	1291.992	great.call
39	Spectrogram 1	1	435.557380680	435.815065283	682.137	1230.924	344.531	0.0987	775.195	1119.727	male.coda
40	Spectrogram 1	1	436.055570913	436.381971411	677.008	1133.476	258.398	0.1219	775.195	1033.594	male.coda
41	Spectrogram 1	1	456.744259942	468.374425040	497.498	1518.140	689.062	8.4811	602.930	1291.992	great.call
42	Spectrogram 1	1	470.688900924	470.980943474	620.591	994.997	172.266	0.1451	689.062	861.328	male.coda
43	Spectrogram 1	1	471.118375262	471.324522945	656.493	1061.672	258.398	0.1161	689.062	947.461	male.coda
44	Spectrogram 1	1	489.247918701	500.878083799	492.370	1605.330	689.062	8.4753	602.930	1291.992	great.call
45	Spectrogram 1	1	502.591295608	502.814622264	646.235	1174.507	344.531	0.1393	775.195	1119.727	male.coda
46	Spectrogram 1	1	503.037948920	503.278454550	671.879	1169.378	258.398	0.1393	775.195	1033.594	male.coda
47	Spectrogram 1	1	503.896897598	504.326371937	620.591	1046.285	258.398	0.2322	689.062	947.461	male.coda
48	Spectrogram 1	1	525.600708553	535.873734740	441.081	1430.949	602.930	6.8673	602.930	1205.859	great.call
49	Spectrogram 1	1	537.244929089	537.536971640	630.849	943.708	172.266	0.0929	689.062	861.328	male.coda
50	Spectrogram 1	1	537.760298296	538.017982899	651.364	1225.795	258.398	0.1045	775.195	1033.594	male.coda
51	Spectrogram 1	1	562.792145061	571.415989787	466.725	1518.140	689.062	6.3913	602.930	1291.992	great.call
52	Spectrogram 1	1	572.309296412	572.601338962	661.622	1179.636	344.531	0.0987	775.195	1119.727	male.coda
53	Spectrogram 1	1	573.030813301	573.254139957	682.137	1118.089	258.398	0.1045	775.195	1033.594	male.coda
54	Spectrogram 1	1	573.735151217	574.010014794	651.364	1041.157	258.398	0.1277	689.062	947.461	male.coda
55	Spectrogram 1	1	597.030359641	607.612607353	497.498	1538.655	689.062	8.6610	602.930	1291.992	great.call
56	Spectrogram 1	1	609.258665279	609.550707829	594.947	1230.924	516.797	0.1625	602.930	1119.727	male.coda
57	Spectrogram 1	1	609.928645247	610.237866771	594.947	1143.734	258.398	0.1625	689.062	947.461	male.coda
58	Spectrogram 1	1	637.262474469	649.373650827	497.498	1492.495	689.062	9.5086	602.930	1291.992	great.call
59	Spectrogram 1	1	650.160239567	650.417924171	666.751	1179.636	344.531	0.1335	775.195	1119.727	male.coda
60	Spectrogram 1	1	650.606892880	650.795861589	692.395	1143.734	258.398	0.1277	775.195	1033.594	male.coda
61	Spectrogram 1	1	651.122262087	651.431483611	646.235	1159.120	344.531	0.1567	689.062	1033.594	male.coda
62	Spectrogram 1	1	675.674659116	685.363600202	482.112	1492.495	689.062	7.2911	602.930	1291.992	great.call
63	Spectrogram 1	1	686.528126361	686.802989938	671.879	1271.955	430.664	0.1219	775.195	1205.859	male.coda
64	Spectrogram 1	1	686.991958647	687.249643250	707.781	1210.409	258.398	0.1567	775.195	1033.594	male.coda
65	Spectrogram 1	1	687.490148880	687.782191431	682.137	1174.507	258.398	0.1683	775.195	1033.594	male.coda
66	Spectrogram 1	1	727.409398141	737.476276645	466.725	1507.882	602.930	8.3127	602.930	1205.859	great.call
67	Spectrogram 1	1	738.728259195	738.968764825	635.977	1225.795	344.531	0.1277	775.195	1119.727	male.coda
68	Spectrogram 1	1	739.209270455	739.432597111	646.235	1159.120	258.398	0.1219	775.195	1033.594	male.coda
69	Spectrogram 1	1	739.776176582	740.033861186	656.493	1102.703	258.398	0.1509	689.062	947.461	male.coda
70	Spectrogram 1	1	765.547239719	774.549021863	471.854	1492.495	689.062	7.2330	602.930	1291.992	great.call
71	Spectrogram 1	1	775.491262381	775.697410063	671.879	1225.795	344.531	0.1393	775.195	1119.727	male.coda
72	Spectrogram 1	1	775.972273640	776.212779270	692.395	1189.893	258.398	0.1393	775.195	1033.594	male.coda
73	Spectrogram 1	1	776.693790530	776.968654107	697.524	1215.537	344.531	0.1509	775.195	1119.727	male.coda
74	Spectrogram 1	1	804.542467963	815.897769484	492.370	1482.238	689.062	8.3592	602.930	1291.992	great.call
75	Spectrogram 1	1	817.542785906	817.783291536	692.395	1318.114	430.664	0.1103	775.195	1205.859	male.coda
76	Spectrogram 1	1	817.972260245	818.229944849	723.168	1179.636	258.398	0.1103	775.195	1033.594	male.coda
77	Spectrogram 1	1	818.642240214	818.882745844	671.879	1102.703	344.531	0.0987	689.062	1033.594	male.coda
78	Spectrogram 1	1	850.250510316	860.094062165	456.468	1466.851	602.930	7.9064	602.930	1205.859	great.call
79	Spectrogram 1	1	860.944160829	861.184666459	707.781	1282.213	430.664	0.1277	775.195	1205.859	male.coda
80	Spectrogram 1	1	861.390814142	861.631319772	743.683	1251.439	258.398	0.1451	775.195	1033.594	male.coda
81	Spectrogram 1	1	890.253572010	900.543777171	476.983	1543.784	602.930	8.0980	602.930	1205.859	great.call
82	Spectrogram 1	1	901.897792547	902.103940229	682.137	1230.924	344.531	0.1277	775.195	1119.727	male.coda
83	Spectrogram 1	1	902.258550991	902.499056621	753.941	1195.022	258.398	0.1451	775.195	1033.594	male.coda
84	Spectrogram 1	1	902.808278145	903.083141722	687.266	1164.249	258.398	0.1567	775.195	1033.594	male.coda
85	Spectrogram 1	1	903.546974008	903.924911426	615.462	1077.059	258.398	0.2322	689.062	947.461	male.coda
86	Spectrogram 1	1	944.135682730	953.601297160	466.725	1400.176	602.930	7.6161	602.930	1205.859	great.call
87	Spectrogram 1	1	954.868108895	955.086939326	694.021	1283.463	344.531	0.0813	775.195	1119.727	male.coda
88	Spectrogram 1	1	955.265982406	955.484812837	684.514	1216.914	172.266	0.1161	861.328	1033.594	male.coda
89	Spectrogram 1	1	955.783217970	956.041835752	665.500	1254.942	258.398	0.1045	775.195	1033.594	male.coda
90	Spectrogram 1	1	994.417135452	1004.841421441	446.835	1502.128	689.062	7.9412	602.930	1291.992	great.call
91	Spectrogram 1	1	1005.751631619	1005.950568374	636.978	1235.928	344.531	0.1277	775.195	1119.727	male.coda
92	Spectrogram 1	1	1006.229079832	1006.447910263	665.500	1264.449	344.531	0.1277	775.195	1119.727	male.coda
93	Spectrogram 1	1	1006.805996423	1007.064614205	617.964	1188.392	258.398	0.1625	775.195	1033.594	male.coda
