Selection	View	Channel	Begin Time (s)	End Time (s)	Low Freq (Hz)	High Freq (Hz)	BW 90% (Hz)	Dur 90% (s)	Freq 5% (Hz)	Freq 95% (Hz)	Call type
1	Spectrogram 1	1	12.587100365	21.040202081	637.255	1408.497	527.344	6.6750	714.844	1242.188	great.call
2	Spectrogram 1	1	22.830848363	23.139355725	784.314	1284.314	363.281	0.1500	843.750	1207.031	male.coda
3	Spectrogram 1	1	23.524989928	23.818071922	790.850	1068.627	140.625	0.1500	820.312	960.938	male.coda
4	Spectrogram 1	1	50.080702706	58.518379053	601.307	1343.137	503.906	6.5500	714.844	1218.750	great.call
5	Spectrogram 1	1	59.690707029	60.060915863	787.582	1173.203	257.812	0.1750	843.750	1101.562	male.coda
6	Spectrogram 1	1	60.461975433	60.785908163	741.830	1058.824	175.781	0.1750	808.594	984.375	male.coda
7	Spectrogram 1	1	96.373371756	105.073279362	601.307	1395.425	480.469	7.0000	714.844	1195.312	great.call
8	Spectrogram 1	1	105.947019559	106.240101552	767.974	1281.046	351.562	0.1750	820.312	1171.875	male.coda
9	Spectrogram 1	1	106.795414804	107.150198270	761.438	1062.092	187.500	0.1500	796.875	984.375	male.coda
10	Spectrogram 1	1	137.199211130	145.868267999	601.307	1405.229	515.625	6.4500	714.844	1230.469	great.call
11	Spectrogram 1	1	147.971449645	148.187404799	787.582	1326.797	398.438	0.1750	855.469	1253.906	male.coda
12	Spectrogram 1	1	148.634740473	148.881546363	781.046	1117.647	234.375	0.1250	808.594	1042.969	male.coda
13	Spectrogram 1	1	149.498561087	149.807068449	771.242	1137.255	281.250	0.1250	796.875	1078.125	male.coda
14	Spectrogram 1	1	176.082371599	184.998234357	630.719	1388.889	515.625	7.2000	726.562	1242.188	great.call
15	Spectrogram 1	1	186.254856020	186.517087277	800.654	1290.850	375.000	0.1500	843.750	1218.750	male.coda
16	Spectrogram 1	1	186.779318535	187.041549793	794.118	1150.327	234.375	0.1500	843.750	1078.125	male.coda
17	Spectrogram 1	1	221.187287306	230.658463316	578.431	1362.745	503.906	7.2500	714.844	1218.750	great.call
18	Spectrogram 1	1	231.700965087	231.963196345	728.758	1408.497	468.750	0.1250	796.875	1265.625	male.coda
19	Spectrogram 1	1	232.210002234	232.503084228	758.170	1254.902	292.969	0.0750	867.188	1160.156	male.coda
20	Spectrogram 1	1	232.657337909	232.965845271	777.778	1173.203	257.812	0.0500	820.312	1078.125	male.coda
21	Spectrogram 1	1	261.674686368	270.575123759	598.039	1379.085	515.625	6.0250	726.562	1242.188	great.call
22	Spectrogram 1	1	271.815402267	272.139334997	797.386	1333.333	375.000	0.1000	855.469	1230.469	male.coda
23	Spectrogram 1	1	272.386140886	272.694648248	784.314	1313.725	339.844	0.1000	878.906	1218.750	male.coda
24	Spectrogram 1	1	297.753182580	307.085530277	607.843	1366.013	527.344	6.6000	714.844	1242.188	great.call
25	Spectrogram 1	1	308.374837938	308.667919932	758.170	1294.118	410.156	0.1500	796.875	1207.031	male.coda
26	Spectrogram 1	1	309.084404870	309.392912232	774.510	1281.046	339.844	0.1250	832.031	1171.875	male.coda
27	Spectrogram 1	1	344.309000364	353.070609441	584.967	1346.405	457.031	6.6000	703.125	1160.156	great.call
28	Spectrogram 1	1	353.818193957	354.049574478	790.850	1362.745	328.125	0.1000	855.469	1183.594	male.coda
29	Spectrogram 1	1	354.280955000	354.450634049	803.922	1457.516	269.531	0.0750	925.781	1195.312	male.coda
30	Spectrogram 1	1	354.728290674	355.005947300	741.830	1209.150	269.531	0.1000	832.031	1101.562	male.coda
31	Spectrogram 1	1	355.453282975	355.684663496	735.294	1186.275	281.250	0.0750	820.312	1101.562	male.coda
32	Spectrogram 1	1	385.918780773	394.451588179	611.111	1300.654	421.875	7.1250	714.844	1136.719	great.call
33	Spectrogram 1	1	395.731893730	396.102102565	777.778	1274.510	339.844	0.1500	843.750	1183.594	male.coda
34	Spectrogram 1	1	396.271781614	396.518587503	790.850	1310.458	375.000	0.1250	843.750	1218.750	male.coda
35	Spectrogram 1	1	396.796244129	397.027624650	696.078	1212.418	316.406	0.1000	820.312	1136.719	male.coda
36	Spectrogram 1	1	428.810701997	437.757415492	594.771	1375.817	492.188	7.2250	703.125	1195.312	great.call
37	Spectrogram 1	1	439.641889248	439.981247346	826.797	1330.065	398.438	0.1500	855.469	1253.906	male.coda
38	Spectrogram 1	1	440.150926395	440.382306916	823.529	1281.046	304.688	0.1250	890.625	1195.312	male.coda
39	Spectrogram 1	1	440.644538174	440.860493327	794.118	1241.830	328.125	0.1000	832.031	1160.156	male.coda
40	Spectrogram 1	1	441.307829002	441.662612468	728.758	1137.255	246.094	0.1000	808.594	1054.688	male.coda
41	Spectrogram 1	1	476.378170815	486.034451242	607.843	1375.817	492.188	7.7750	714.844	1207.031	great.call
42	Spectrogram 1	1	487.121393856	487.399050481	753.323	1344.889	457.031	0.1000	820.312	1277.344	male.coda
43	Spectrogram 1	1	487.584154898	487.846386156	744.080	1506.646	398.438	0.1000	867.188	1265.625	male.coda
44	Spectrogram 1	1	487.985214469	488.216594990	794.917	1196.998	292.969	0.1250	820.312	1113.281	male.coda
45	Spectrogram 1	1	488.617654561	488.926161923	753.323	1238.592	339.844	0.1750	808.594	1148.438	male.coda
46	Spectrogram 1	1	539.741042674	548.872860586	540.729	1460.430	480.469	7.8250	667.969	1148.438	great.call
47	Spectrogram 1	1	549.852743098	550.192101196	771.809	1294.052	351.562	0.1250	832.031	1183.594	male.coda
48	Spectrogram 1	1	550.300078773	550.531459294	776.431	1349.511	316.406	0.1000	867.188	1183.594	male.coda
49	Spectrogram 1	1	550.809115920	551.055921809	739.458	1289.430	363.281	0.1000	820.312	1183.594	male.coda
50	Spectrogram 1	1	551.518682852	551.780914110	753.323	1155.403	210.938	0.0250	796.875	1007.812	male.coda
